Wave
6413.724204990219
6477.906883540199
6504.949583767994
6522.394874191452
6533.041999681665
6562.733982714926
6889.295743151189
6900.792634515683
6912.639431129792
6923.186579051519
7284.438828518375
7303.741602156544
7316.28020707444
7329.126728482567
7340.873547550001
7358.668728560446
7429.7994635898485
7557.514863383347
7586.057129131767
7598.353796852817
7760.009979541613
7780.40445028121
7794.10073684596
7808.446847091116
7841.287942155341
7870.729958285085
7921.066307144668
7949.208674274827
7993.346702008371
8014.041088322993
8298.913786379802
8310.710584259443
8399.186565981
8415.232209681446
8430.178151824235
8452.272153041726
8791.180105454067
8836.41781481057
8885.854382344045
8903.099696349338
8919.595213973496
8943.388748280617
8988.376522575216
9038.013032565656